 0        0 4.0
  1   100000 9.0
  2   200000 3.0
  3   300000 9.0
  4   400000 9.0
  5   500000 13.0
  6   600000 9.0
  7   700000 14.0
  8   800000 30.0
  9   900000 18.0
 10  1000000 25.0
 11  1100000 30.0
 12  1200000 34.0
 13  1300000 38.0
 14  1400000 33.0
 15  1500000 27.0
 16  1600000 27.0
 17  1700000 51.0
 18  1800000 41.0
 19  1900000 35.0
 20  2000000 52.0
 21  2100000 74.0
 22  2200000 69.0
 23  2300000 49.0
 24  2400000 74.0
 25  2500000 27.0
 26  2600000 55.0
 27  2700000 35.0
 28  2800000 80.0
 29  2900000 65.0
 30  3000000 37.0
 31  3100000 92.0
 32  3200000 71.0
 33  3300000 67.0
 34  3400000 65.0
 35  3500000 338.0
 36  3600000 108.0
 37  3700000 72.0
 38  3800000 84.0
 39  3900000 125.0
 40  4000000 103.0
 41  4100000 147.0
 42  4200000 101.0
 43  4300000 107.0
 44  4400000 89.0
 45  4500000 90.0
 46  4600000 119.0
 47  4700000 301.0
 48  4800000 112.0
 49  4900000 132.0
 50  5000000 181.0
 51  5100000 189.0
 52  5200000 209.0
 53  5300000 108.0
 54  5400000 260.0
 55  5500000 247.0
 56  5600000 228.0
 57  5700000 225.0
 58  5800000 126.0
 59  5900000 207.0
 60  6000000 282.0
 61  6100000 278.0
 62  6200000 236.0
 63  6300000 227.0
 64  6400000 276.0
 65  6500000 326.0
 66  6600000 232.0
 67  6700000 395.0
 68  6800000 324.0
 69  6900000 285.0
 70  7000000 212.0
 71  7100000 224.0
 72  7200000 287.0
 73  7300000 391.0
 74  7400000 172.0
 75  7500000 258.0
 76  7600000 347.0
 77  7700000 215.0
 78  7800000 198.0
 79  7900000 235.0
 80  8000000 356.0
 81  8100000 212.0
 82  8200000 334.0
 83  8300000 337.0
 84  8400000 174.0
 85  8500000 260.0