  0        0 0.0
  1   100000 5.0
  2   200000 0.0
  3   300000 11.0
  4   400000 15.0
  5   500000 17.0
  6   600000 19.0
  7   700000 20.0
  8   800000 29.0
  9   900000 22.0
 10  1000000 39.0
 11  1100000 29.0
 12  1200000 51.0
 13  1300000 27.0
 14  1400000 74.0
 15  1500000 52.0
 16  1600000 93.0
 17  1700000 63.0
 18  1800000 48.0
 19  1900000 47.0
 20  2000000 52.0
 21  2100000 76.0
 22  2200000 49.0
 23  2300000 104.0
 24  2400000 330.0
 25  2500000 75.0
 26  2600000 72.0
 27  2700000 87.0
 28  2800000 118.0
 29  2900000 63.0
 30  3000000 149.0
 31  3100000 149.0
 32  3200000 86.0
 33  3300000 51.0
 34  3400000 87.0
 35  3500000 242.0
 36  3600000 67.0
 37  3700000 146.0
 38  3800000 70.0
 39  3900000 240.0
 40  4000000 92.0
 41  4100000 81.0
 42  4200000 352.0
 43  4300000 87.0
 44  4400000 131.0
 45  4500000 277.0
 46  4600000 182.0
 47  4700000 132.0
 48  4800000 256.0
 49  4900000 101.0
 50  5000000 95.0
 51  5100000 280.0
 52  5200000 326.0
 53  5300000 352.0
 54  5400000 164.0
 55  5500000 146.0
 56  5600000 170.0
 57  5700000 244.0
 58  5800000 240.0
 59  5900000 170.0
 60  6000000 279.0
 61  6100000 109.0
 62  6200000 156.0
 63  6300000 286.0
 64  6400000 263.0
 65  6500000 81.0
 66  6600000 359.0
 67  6700000 182.0
 68  6800000 65.0
 69  6900000 225.0
 70  7000000 183.0
 71  7100000 183.0
 72  7200000 83.0
 73  7300000 338.0
 74  7400000 294.0
 75  7500000 226.0
 76  7600000 71.0
 77  7700000 110.0
 78  7800000 125.0
 79  7900000 257.0
 80  8000000 283.0
 81  8100000 197.0
 82  8200000 154.0
 83  8300000 55.0
 84  8400000 183.0
 85  8500000 306.0
 86  8600000 258.0
 87  8700000 295.0
 88  8800000 281.0
 89  8900000 267.0
 90  9000000 142.0
 91  9100000 271.0
 92  9200000 362.0
 93  9300000 298.0
 94  9400000 371.0
 95  9500000 318.0
 96  9600000 127.0
 97  9700000 396.0
 98  9800000 258.0
 99  9900000 78.0
100 10000000 252.0
101 10100000 207.0
102 10200000 404.0
103 10300000 120.0
104 10400000 248.0
105 10500000 155.0
106 10600000 349.0
107 10700000 244.0
108 10800000 244.0
109 10900000 126.0
110 11000000 409.0
111 11100000 162.0
112 11200000 307.0
113 11300000 135.0
114 11400000 240.0
115 11500000 77.0
116 11600000 246.0
117 11700000 197.0
118 11800000 48.0
119 11900000 284.0
120 12000000 302.0
121 12100000 261.0
122 12200000 265.0
123 12300000 316.0
124 12400000 245.0
125 12500000 230.0
126 12600000 216.0
