  0        0 5.0
  1   100000 9.0
  2   200000 4.0
  3   300000 9.0
  4   400000 17.0
  5   500000 17.0
  6   600000 16.0
  7   700000 29.0
  8   800000 27.0
  9   900000 35.0
 10  1000000 36.0
 11  1100000 62.0
 12  1200000 40.0
 13  1300000 52.0
 14  1400000 27.0
 15  1500000 72.0
 16  1600000 47.0
 17  1700000 91.0
 18  1800000 74.0
 19  1900000 90.0
 20  2000000 118.0
 21  2100000 56.0
 22  2200000 148.0
 23  2300000 94.0
 24  2400000 156.0
 25  2500000 224.0
 26  2600000 122.0
 27  2700000 70.0
 28  2800000 203.0
 29  2900000 44.0
 30  3000000 303.0
 31  3100000 72.0
 32  3200000 274.0
 33  3300000 86.0
 34  3400000 30.0
 35  3500000 57.0
 36  3600000 99.0
 37  3700000 214.0
 38  3800000 110.0
 39  3900000 317.0
 40  4000000 142.0
 41  4100000 207.0
 42  4200000 81.0
 43  4300000 17.0
 44  4400000 239.0
 45  4500000 175.0
 46  4600000 189.0
 47  4700000 266.0
 48  4800000 165.0
 49  4900000 313.0
 50  5000000 251.0
 51  5100000 306.0
 52  5200000 199.0
 53  5300000 272.0
 54  5400000 304.0
 55  5500000 62.0
 56  5600000 257.0
 57  5700000 108.0
 58  5800000 29.0
 59  5900000 306.0
 60  6000000 176.0
 61  6100000 45.0
 62  6200000 241.0
 63  6300000 355.0
 64  6400000 146.0
 65  6500000 90.0
 66  6600000 311.0
 67  6700000 46.0
 68  6800000 228.0
 69  6900000 54.0
 70  7000000 305.0
 71  7100000 334.0
 72  7200000 123.0
 73  7300000 104.0
 74  7400000 55.0
 75  7500000 216.0
 76  7600000 172.0
 77  7700000 321.0
 78  7800000 137.0
 79  7900000 347.0
 80  8000000 69.0
 81  8100000 341.0
 82  8200000 104.0
 83  8300000 112.0
 84  8400000 291.0
 85  8500000 112.0
 86  8600000 104.0
 87  8700000 197.0
 88  8800000 95.0
 89  8900000 57.0
 90  9000000 272.0
 91  9100000 194.0
 92  9200000 267.0
 93  9300000 333.0
 94  9400000 162.0
 95  9500000 200.0
 96  9600000 127.0
 97  9700000 144.0
 98  9800000 271.0
 99  9900000 314.0
100 10000000 251.0
