  0        0 5.0
  1   100000 0.0
  2   200000 0.0
  0        0 5.0
  1   100000 9.0
  2   200000 0.0
  3   300000 4.0
  4   400000 14.0
  5   500000 16.0
  6   600000 19.0
  7   700000 30.0
  8   800000 32.0
  9   900000 32.0
 10  1000000 41.0
 11  1100000 45.0
 12  1200000 36.0
 13  1300000 50.0
 14  1400000 57.0
 15  1500000 42.0
 16  1600000 54.0
 17  1700000 67.0
 18  1800000 57.0
 19  1900000 69.0
 20  2000000 60.0
 21  2100000 62.0
 22  2200000 64.0
 23  2300000 57.0
 24  2400000 79.0
 25  2500000 81.0
 26  2600000 63.0
 27  2700000 72.0
 28  2800000 79.0
 29  2900000 52.0
 30  3000000 342.0
 31  3100000 57.0
 32  3200000 33.0
 33  3300000 99.0
 34  3400000 147.0
 35  3500000 78.0
 36  3600000 108.0
 37  3700000 281.0
 38  3800000 140.0
 39  3900000 154.0
 40  4000000 237.0
 41  4100000 369.0
 42  4200000 248.0
 43  4300000 163.0
 44  4400000 249.0
 45  4500000 106.0
 46  4600000 122.0
 47  4700000 292.0
 48  4800000 245.0
 49  4900000 140.0
 50  5000000 109.0
 51  5100000 78.0
 52  5200000 62.0
 53  5300000 237.0
 54  5400000 136.0
 55  5500000 82.0
 56  5600000 85.0
 57  5700000 213.0
 58  5800000 88.0
 59  5900000 171.0
 60  6000000 22.0
 61  6100000 87.0
 62  6200000 109.0
 63  6300000 113.0
 64  6400000 98.0
 65  6500000 129.0
 66  6600000 207.0
 67  6700000 197.0
 68  6800000 84.0
 69  6900000 67.0
 70  7000000 75.0
 71  7100000 139.0
 72  7200000 217.0
 73  7300000 106.0
 74  7400000 121.0
 75  7500000 182.0
 76  7600000 104.0
 77  7700000 107.0
 78  7800000 55.0
 79  7900000 222.0
 80  8000000 215.0
 81  8100000 158.0
 82  8200000 195.0
 83  8300000 190.0
 84  8400000 231.0
 85  8500000 275.0
 86  8600000 214.0
 87  8700000 205.0
 88  8800000 100.0
 89  8900000 303.0
 90  9000000 42.0
 91  9100000 173.0
 92  9200000 287.0
 93  9300000 237.0
 94  9400000 113.0
 95  9500000 247.0
 96  9600000 307.0
 97  9700000 223.0
 98  9800000 306.0
 99  9900000 323.0
100 10000000 336.0
101 10100000 311.0
102 10200000 232.0
103 10300000 11.0
104 10400000 228.0
105 10500000 254.0
106 10600000 272.0
