  0        0 0.0
  1   100000 0.0
  2   200000 0.0
  3   300000 0.0
  4   400000 0.0
  5   500000 0.0
  6   600000 11.0
  7   700000 14.0
  8   800000 16.0
  9   900000 12.0
 10  1000000 15.0
 11  1100000 18.0
 12  1200000 14.0
 13  1300000 20.0
 14  1400000 21.0
 15  1500000 23.0
 16  1600000 25.0
 17  1700000 31.0
 18  1800000 26.0
 19  1900000 31.0
 20  2000000 31.0
 21  2100000 49.0
 22  2200000 37.0
 23  2300000 34.0
 24  2400000 30.0
 25  2500000 35.0
 26  2600000 53.0
 27  2700000 59.0
 28  2800000 48.0
 29  2900000 40.0
 30  3000000 44.0
 31  3100000 59.0
 32  3200000 62.0
 33  3300000 38.0
 34  3400000 66.0
 35  3500000 54.0
 36  3600000 59.0
 37  3700000 54.0
 38  3800000 50.0
 39  3900000 82.0
 40  4000000 61.0
 41  4100000 58.0
 42  4200000 82.0
 43  4300000 59.0
 44  4400000 65.0
 45  4500000 72.0
 46  4600000 97.0
 47  4700000 110.0
 48  4800000 109.0
 49  4900000 93.0
 50  5000000 124.0
 51  5100000 108.0
 52  5200000 142.0
 53  5300000 115.0
 54  5400000 96.0
 55  5500000 126.0
 56  5600000 109.0
 57  5700000 264.0
 58  5800000 113.0
 59  5900000 128.0
 60  6000000 85.0
 61  6100000 322.0
 62  6200000 122.0
 63  6300000 298.0
 64  6400000 173.0
 65  6500000 264.7
 66  6600000 121.3
 67  6700000 120.7
 68  6800000 126.3
 69  6900000 223.7
 70  7000000 167.7
 71  7100000 278.3
 72  7200000 141.7
 73  7300000 276.3
 74  7400000 218.7
 75  7500000 49.0
 76  7600000 204.0
 77  7700000 213.0
 78  7800000 252.7
 79  7900000 165.0
 80  8000000 357.0
 81  8100000 289.0
 82  8200000 143.0
 83  8300000 326.0
 84  8400000 330.0
 85  8500000 280.3
 86  8600000 197.3
 87  8700000 149.7
 88  8800000 371.3
 89  8900000 176.0
 90  9000000 214.0
 91  9100000 312.0
 92  9200000 251.0
 93  9300000 250.0
 94  9400000 333.0
 95  9500000 239.0
 96  9600000 227.0
 97  9700000 238.3
 98  9800000 304.0
 99  9900000 247.7
